# PGA460 Echo Data Dump
# Date           : 2026-03-27 11:10:02
# P1_REC         : 0
# Record time    : 4.096 ms
# FS_EDD         : 31250.0 Hz
# Sample period  : 32.00 us
# Speed of sound : 343.0 m/s
# BLANK_SAMPLES  : 16
# ECHO_THRESHOLD : 15
# First echo     : sample 17 -> 9.3 cm
# Index, Amplitude
0, 26
1, -116
2, -74
3, -119
4, -9
5, -128
6, 63
7, -78
8, -21
9, 14
10, 118
11, 19
12, -14
13, 13
14, -2
15, -109
16, 19
17, 97
18, -10
19, -31
20, 92
21, -62
22, -8
23, 19
24, 49
25, -128
26, 86
27, -61
28, 58
29, -59
30, -45
31, -16
32, 69
33, -59
34, 79
35, -61
36, -105
37, 64
38, 82
39, -127
40, -55
41, 24
42, 33
43, -57
44, 127
45, 40
46, -18
47, 43
48, 120
49, 24
50, 53
51, -104
52, 90
53, -58
54, 29
55, -76
56, 125
57, -85
58, 8
59, -126
60, -2
61, -112
62, -47
63, -16
64, 31
65, -76
66, 51
67, -86
68, -17
69, -41
70, -49
71, 36
72, 75
73, -63
74, -65
75, 4
76, -25
77, 8
78, 63
79, -112
80, -107
81, -23
82, 19
83, -28
84, -69
85, -4
86, 113
87, 52
88, 39
89, -24
90, -73
91, -109
92, 37
93, -119
94, -79
95, -63
96, 117
97, -116
98, -71
99, 34
100, -8
101, -106
102, 122
103, -33
104, -49
105, -63
106, 32
107, -31
108, 118
109, -122
110, 90
111, 104
112, 121
113, 2
114, 43
115, 96
116, -67
117, -111
118, 47
119, -30
120, 111
121, 25
122, 43
123, -45
124, -102
125, 46
126, -100
127, 96
