# PGA460 Echo Data Dump
# Date           : 2026-03-27 10:53:11
# P1_REC         : 0
# Record time    : 4.096 ms
# FS_EDD         : 31250.0 Hz
# Sample period  : 32.00 us
# Speed of sound : 343.0 m/s
# Blanking       : first 16 samples skipped
# First echo     : sample 20 -> 11.0 cm
# Index, Amplitude
0, 30
1, -124
2, -74
3, -119
4, -9
5, -128
6, 63
7, -77
8, 107
9, -118
10, 118
11, 3
12, -14
13, 12
14, 127
15, -110
16, 19
17, 65
18, -10
19, -29
20, 124
21, -61
22, -8
23, 19
24, 49
25, -128
26, 22
27, -61
28, 59
29, -128
30, -69
31, -16
32, 69
33, -123
34, 79
35, -61
36, -121
37, 64
38, 82
39, -95
40, 73
41, 24
42, 41
43, -57
44, 127
45, 40
46, -22
47, 35
48, 120
49, -120
50, 61
51, -120
52, 90
53, -60
54, 61
55, -76
56, 127
57, -85
58, 9
59, -122
60, -2
61, -112
62, -47
63, -32
64, 29
65, -12
66, 59
67, -70
68, -17
69, -15
70, 79
71, 100
72, 107
73, -119
74, -65
75, 36
76, -9
77, 0
78, 63
79, -112
80, -44
81, -55
82, 51
83, -28
84, -5
85, 100
86, 73
87, 54
88, 37
89, -24
90, -73
91, -109
92, 37
93, -127
94, -95
95, -62
96, 113
97, -116
98, -71
99, 6
100, 120
101, -90
102, 122
103, -33
104, -49
105, -63
106, 32
107, -31
108, 119
109, -128
110, 91
111, -63
112, 117
113, 22
114, 43
115, 104
116, -65
117, -111
118, 107
119, -30
120, 111
121, 29
122, 43
123, -43
124, -102
125, 14
126, -100
127, 64
